0.00538077193811 0.228767180347 0
0.00778241050653 0.536648387922 0
0.0102661928348 0.188603959138 0
0.0104748743891 0.524373835049 0
0.0116220059658 0.30626849456 0
0.0118697011817 0.476397323303 0
0.0131756135658 0.969317688957 0
0.0180518598578 0.0630007725761 0
0.0193694613844 0.119386976576 0
0.0364581831077 0.998149575636 0
0.0728872223787 0.740355083051 0
0.074217107608 0.954519141337 0
0.0778533307861 0.0449644691472 0
0.0812990175907 0.181135517306 0
0.0884492858476 0.3073793718 0
0.0915919153319 0.132828590227 0
0.100025135517 0.182486872932 0
0.101063842127 0.0829259213586 0
0.105743288169 0.659250857411 0
0.108551480223 0.569720136879 0
0.118281077672 0.0434412210855 0
0.122655889494 0.445527530091 0
0.130247344318 0.756983969681 0
0.141473726289 0.196469109844 0
0.145792757131 0.406474259378 0
0.155643091642 0.56199960738 0
0.160827057275 0.223737635748 0
0.172205322241 0.730667481604 0
0.178042702838 0.750718896406 0
0.182503432495 0.41106128708 0
0.187020997819 0.29949839796 0
0.189172051817 0.718640011819 0
0.189387025268 0.700214622799 0
0.199128471023 0.457374802162 0
0.207593222371 0.99189659945 0
0.211489356885 0.575381343782 0
0.217787399414 0.73407945642 0
0.225473539037 0.515963295556 0
0.234292502172 0.947902474427 0
0.234330436812 0.389283647375 0
0.234900493336 0.535869745004 0
0.241281167414 0.253982461065 0
0.247606104764 0.212380634373 0
0.247855154936 0.201840755858 0
0.251417067743 0.740726664491 0
0.262431948005 0.986779880218 0
0.263244831621 0.4052090741 0
0.269351629642 0.784603438146 0
0.269832952452 0.755034560435 0
0.273369933051 0.835002395779 0
0.287336102398 0.523218470169 0
0.295767246039 0.312446041263 0
0.301181828951 0.853135538057 0
0.301194473324 0.369580685025 0
0.304183251263 0.0357579932206 0
0.305806937742 0.0208330419851 0
0.31236323954 0.0291071885976 0
0.312828552639 0.59555750722 0
0.313926339795 0.0340280129124 0
0.320211740259 0.331889691797 0
0.345296497377 0.857061283613 0
0.346467522391 0.48792274843 0
0.357935702051 0.0383575359944 0
0.371071166891 0.648811016436 0
0.371574490003 0.00362665892694 0
0.371762323483 0.0578012394491 0
0.371990994134 0.917988500626 0
0.374438497885 0.234196728734 0
0.382267624461 0.280904679577 0
0.38393783197 0.297853803488 0
0.384814031858 0.772259974679 0
0.386776339357 0.317300012309 0
0.389975557179 0.354078181924 0
0.390865873289 0.155704477821 0
0.394672024372 0.527456862501 0
0.401598106103 0.524458563522 0
0.411261600896 0.763663305027 0
0.417151023575 0.425676537314 0
0.427708597214 0.56749336094 0
0.435766054754 0.452708309209 0
0.440062346041 0.54054444932 0
0.44495264581 0.122971000418 0
0.453048120149 0.778222369159 0
0.45374209607 0.190845711177 0
0.455215979618 0.524742696447 0
0.462898147376 0.697826189376 0
0.464747909125 0.550597189833 0
0.476264394161 0.410142227947 0
0.486606090891 0.32620745533 0
0.487889598961 0.740730588948 0
0.489401054875 0.421906078234 0
0.490366559492 0.93361743208 0
0.491759294776 0.696936734891 0
0.493591213249 0.634655949306 0
0.498029341325 0.0435630646671 0
0.498790564598 0.404583472263 0
0.500692973769 0.336309165594 0
0.503469923353 0.0873193862605 0
0.512820378485 0.382476130353 0
0.516502353845 0.736213182863 0
0.523045260616 0.502677168132 0
0.527200034494 0.200528944227 0
0.529697130307 0.60952563003 0
0.531009818541 0.271760975413 0
0.542120273501 0.53511974672 0
0.543769178027 0.973968637433 0
0.547202467963 0.580404819569 0
0.548488521535 0.410739393708 0
0.549105246023 0.476015545888 0
0.550940824142 0.471287001506 0
0.551388624754 0.359947443039 0
0.553396653323 0.808357646639 0
0.557863413419 0.524235900658 0
0.572697144053 0.856427571033 0
0.580680398221 0.864317461374 0
0.583656159602 0.558842191844 0
0.585254941547 0.00285122216182 0
0.614198191399 0.197106070689 0
0.618165048594 0.617490067561 0
0.619146952363 0.440818063292 0
0.619561498014 0.374738974575 0
0.619638602193 0.0220083465529 0
0.625525861413 0.392145208637 0
0.635617271439 0.77941309548 0
0.63581485737 0.502530071266 0
0.640898025855 0.667817355623 0
0.645111346702 0.189178897471 0
0.652364100817 0.249440646856 0
0.663358561975 0.565259236262 0
0.667699938202 0.266097570358 0
0.668452046282 0.802965228919 0
0.67619008725 0.940760065365 0
0.676502311558 0.900344516026 0
0.679863858707 0.416420412288 0
0.687925259199 0.87223670979 0
0.700832011996 0.303078826026 0
0.702359717601 0.226665207065 0
0.702835286693 0.902183516752 0
0.704650953533 0.25114602129 0
0.705172717368 0.19162202636 0
0.710398033117 0.778734666456 0
0.711121091455 0.853884413201 0
0.711712935601 0.157206197097 0
0.712283358846 0.533562642824 0
0.726524221518 0.408622163753 0
0.729696529869 0.468858750415 0
0.734569707481 0.11935748291 0
0.736631797887 0.184364393316 0
0.740953939147 0.459004109574 0
0.7429903333 0.290560783104 0
0.745693491974 0.929202341826 0
0.746822776539 0.917486511156 0
0.746877685564 0.888736165553 0
0.749616783616 0.0499121148564 0
0.753463811334 0.907500998498 0
0.759565740718 0.0776554380051 0
0.760222461312 0.578108164827 0
0.761837201153 0.741066011164 0
0.766297039693 0.300834461445 0
0.766851509026 0.11376831627 0
0.769838528316 0.000376808331418 0
0.771669147224 0.149469363635 0
0.77269246569 0.43567798785 0
0.7813688193 0.364664641964 0
0.7853581523 0.871064653158 0
0.787755773753 0.551958692303 0
0.788022801516 0.314006055491 0
0.791814159539 0.145819316589 0
0.795654988927 0.0857510823893 0
0.796672703249 0.449342405347 0
0.799584131308 0.594373558792 0
0.805155525758 0.942971740892 0
0.814390010742 0.977683124907 0
0.816782484254 0.66265743315 0
0.817458893173 0.775347396758 0
0.818335676895 0.169210540631 0
0.820372430761 0.2007341727 0
0.820782721521 0.588059124325 0
0.825292639989 0.527732266311 0
0.827754945682 0.487074094667 0
0.833669636882 0.663493702312 0
0.835906295124 0.124063200582 0
0.839211033769 0.0730220974075 0
0.842464312697 0.0984353010196 0
0.847007761457 0.468403095883 0
0.853234745761 0.375110512904 0
0.857496670326 0.203924862514 0
0.87444322086 0.846664645144 0
0.888232826029 0.0384396919388 0
0.894027530823 0.408557805778 0
0.90548533437 0.0412503262209 0
0.907429941664 0.572251917386 0
0.932879695259 0.229161811827 0
0.953908082592 0.492311073246 0
0.960662097766 0.305604411586 0
0.965566747546 0.919378192531 0
0.966304292754 0.636310656309 0
0.970676990337 0.731782826603 0
0.977219471796 0.518816530586 0
0.981668523775 0.0855611719922 0
0.00538077193811 0.228767180347 1
0.0102661928348 0.188603959138 1
0.0180518598578 0.0630007725761 1
0.0778533307861 0.0449644691472 1
0.118281077672 0.0434412210855 1
0.304183251263 0.0357579932206 1
0.305806937742 0.0208330419851 1
0.371574490003 0.00362665892694 1
0.585254941547 0.00285122216182 1
0.769838528316 0.000376808331418 1
