7.03432489167 326
7.53490371258 456
8.03548253348 480
8.53606135439 441
9.0366401753 1047
9.5372189962 634
10.0377978171 569
10.538376638 423
11.0389554589 948
11.5395342798 466
12.0401131007 334
12.5406919216 153
13.0412707426 350
13.5418495635 245
14.0424283844 371
14.5430072053 372
15.0435860262 194
15.5441648471 110
16.044743668 144
16.5453224889 212
17.0459013098 216
17.5464801307 206
18.0470589516 230
18.5476377725 176
19.0482165934 95
19.5487954143 56
20.0493742352 110
20.5499530562 133
21.0505318771 166
21.551110698 129
22.0516895189 101
22.5522683398 69
23.0528471607 29
23.5534259816 9
