7.00826162938 0.0706480416745
7.48385867643 0.117326212067
7.95945572347 0.0855766457189
8.43505277052 0.0445755501042
8.91064981756 0.206897836333
9.38624686461 0.168840409121
9.86184391166 0.106602848598
10.3374409587 0.100715511792
10.8130380057 0.14802446827
11.2886350528 0.162532548257
11.7642320998 0.0523552451695
12.2398291469 0.0407908335859
12.7154261939 0.0601349402349
13.191023241 0.0748532822504
13.666620288 0.0613965124076
14.1422173351 0.0780072126823
14.6178143821 0.0536168173423
15.0934114292 0.03658559301
15.5690084762 0.0475192185073
16.0446055233 0.0399497854707
16.5202025703 0.0412113576435
16.9957996173 0.0199748927354
17.4713966644 0.0298572080886
17.9469937114 0.0384779512692
18.4225907585 0.0220775130233
18.8981878055 0.0357445448949
19.3737848526 0.0292264220023
19.8493818996 0.0262827535992
20.3249789467 0.0420524057587
20.8005759937 0.0296469460599
21.2761730408 0.018292796505
21.7517700878 0.0103028394109
22.2273671349 0.00252314434552
